100
479 283
39 791
859 335
562 345
542 115
998 364
171 328
82 608
440 844
642 56
884 967
993 632
898 937
167 744
845 672
254 264
220 871
711 934
610 729
391 947
907 854
404 396
232 215
964 411
658 97
749 963
745 803
739 685
543 348
781 20
624 170
970 806
937 153
984 900
495 213
863 342
146 738
105 601
597 779
529 716
72 340
400 621
388 28
431 831
97 745
679 306
642 664
765 375
924 938
240 198
827 70
922 785
842 131
138 779
422 48
27 389
780 890
394 975
840 724
686 465
373 192
530 871
833 962
333 172
142 950
169 872
350 946
717 117
756 95
833 719
315 768
668 394
488 36
401 485
388 451
976 638
569 816
240 30
523 49
779 126
983 728
573 949
400 858
983 861
656 271
714 401
808 882
893 855
720 75
717 440
478 247
120 64
693 904
137 534
382 594
989 556
26 676
933 567
944 571
996 346
