100
63 908
26 484
482 642
91 658
25 234
482 927
73 644
613 192
480 562
605 999
516 415
655 659
238 750
198 989
319 167
456 519
158 253
988 910
144 870
302 125
183 182
287 435
741 451
300 459
244 142
464 108
179 65
143 621
787 931
565 709
144 170
281 800
545 598
667 899
845 289
342 161
719 121
374 810
501 276
615 208
277 927
240 431
841 642
157 532
301 17
500 444
985 871
554 597
626 38
727 998
263 155
17 669
46 30
81 762
919 489
708 410
990 533
140 153
902 852
748 597
897 422
170 232
189 127
948 425
374 68
574 545
909 285
763 10
467 716
935 104
118 620
693 809
704 201
626 680
429 142
259 473
159 624
242 775
867 262
900 895
544 450
57 847
321 952
371 241
131 797
653 564
743 52
759 35
232 190
910 587
757 337
414 688
547 115
879 394
437 90
730 18
728 397
675 111
717 423
823 669
