10
100
373.14 -425.03 1.00
-149.29 375.12 1.00
-205.43 583.61 1.00
-702.75 683.78 1.00
-477.41 200.62 1.00
-360.31 424.86 1.00
-11.65 111.59 1.00
-892.99 -387.96 1.00
-458.66 326.08 1.00
-440.07 -172.94 1.00
407.65 -516.86 1.00
470.35 -432.45 1.00
317.91 169.76 1.00
856.81 338.08 1.00
121.90 -392.57 1.00
845.93 29.36 1.00
888.04 -289.66 1.00
-39.42 365.05 1.00
168.56 -556.93 1.00
984.22 369.80 1.00
-960.37 -697.04 1.00
748.60 -215.16 1.00
304.15 655.35 1.00
-937.12 -383.25 1.00
45.14 874.91 1.00
-877.88 607.38 1.00
171.83 627.00 1.00
-925.11 672.36 1.00
731.91 157.53 1.00
195.62 635.28 1.00
-996.15 47.20 1.00
-44.30 -837.23 1.00
-744.53 644.99 1.00
-207.92 -731.47 1.00
343.84 -523.15 1.00
10.74 456.01 1.00
829.21 579.59 1.00
536.10 -597.86 1.00
-377.40 -976.52 1.00
845.87 -719.11 1.00
593.31 -371.74 1.00
990.64 -461.71 1.00
817.27 296.26 1.00
795.26 -405.21 1.00
-847.86 -937.57 1.00
886.28 -344.44 1.00
-700.67 533.82 1.00
83.51 -663.60 1.00
-760.01 994.86 1.00
-477.61 -541.45 1.00
974.12 9.71 1.00
100.98 -965.78 1.00
288.71 912.96 1.00
397.01 -974.76 1.00
-612.16 -908.54 1.00
12.91 -102.47 1.00
799.96 -874.24 1.00
637.64 -54.22 1.00
-423.70 -392.09 1.00
34.03 250.79 1.00
-327.12 263.90 1.00
185.57 911.79 1.00
-485.38 917.01 1.00
-540.52 -893.26 1.00
676.10 -38.34 1.00
721.35 778.94 1.00
-568.93 845.92 1.00
447.05 -15.10 1.00
30.93 677.49 1.00
-815.54 -737.53 1.00
-396.46 12.79 1.00
-451.18 -947.25 1.00
-266.98 601.27 1.00
810.69 -84.16 1.00
-338.90 -749.75 1.00
574.76 -505.13 1.00
37.78 -445.12 1.00
-858.55 924.33 1.00
-963.32 -564.57 1.00
-869.29 -337.78 1.00
788.58 -559.07 1.00
-690.41 201.08 1.00
779.31 -249.15 1.00
-656.12 29.75 1.00
251.40 -697.10 1.00
727.39 -958.26 1.00
172.65 -204.87 1.00
353.34 949.04 1.00
-943.17 317.30 1.00
325.06 834.41 1.00
856.54 792.24 1.00
-227.15 -236.15 1.00
544.82 995.77 1.00
-991.61 -94.74 1.00
796.84 -263.76 1.00
-809.25 287.25 1.00
131.86 556.65 1.00
894.79 580.35 1.00
-329.34 706.33 1.00
-343.68 624.40 1.00
100
-969.61 -226.20 1.00
515.99 808.96 1.00
-918.61 56.75 1.00
812.10 21.19 1.00
978.49 729.58 1.00
-907.97 737.29 1.00
73.85 649.50 1.00
515.03 -498.84 1.00
-865.98 -726.18 1.00
-296.07 -360.03 1.00
-615.80 899.05 1.00
-615.56 215.98 1.00
-474.50 -691.03 1.00
-188.06 -644.48 1.00
50.32 -868.00 1.00
-281.95 -937.46 1.00
164.33 307.35 1.00
-150.29 -34.44 1.00
-942.12 -978.68 1.00
-730.19 -471.01 1.00
-916.44 184.82 1.00
-66.47 -341.10 1.00
507.58 288.30 1.00
-809.90 631.07 1.00
-853.68 -601.57 1.00
-252.77 -465.52 1.00
16.19 -568.06 1.00
-51.94 97.43 1.00
512.48 -783.18 1.00
-768.03 537.81 1.00
-191.76 -509.81 1.00
930.47 -948.45 1.00
-298.38 -561.69 1.00
-492.85 150.29 1.00
416.73 -223.33 1.00
-275.75 -446.51 1.00
907.07 727.35 1.00
-105.20 -56.58 1.00
553.31 818.36 1.00
-459.97 -150.45 1.00
-275.50 887.92 1.00
-593.47 371.13 1.00
-110.81 -942.18 1.00
952.78 -437.52 1.00
257.56 -415.95 1.00
43.55 65.92 1.00
850.92 421.82 1.00
125.74 -976.95 1.00
-809.50 -71.14 1.00
-826.45 -899.96 1.00
350.39 -823.34 1.00
-955.83 140.48 1.00
871.90 -874.01 1.00
-916.76 -14.37 1.00
890.06 131.23 1.00
-666.43 -258.31 1.00
720.39 238.17 1.00
407.62 -653.12 1.00
869.49 -606.41 1.00
937.23 21.80 1.00
927.78 -411.97 1.00
-992.90 -904.67 1.00
742.30 -867.56 1.00
250.73 345.77 1.00
-544.87 702.48 1.00
484.61 -261.34 1.00
383.24 -766.71 1.00
854.69 -307.03 1.00
-961.55 507.58 1.00
-143.17 -96.27 1.00
-694.66 -881.84 1.00
-998.78 945.59 1.00
-317.84 -421.59 1.00
909.23 776.76 1.00
-882.32 18.65 1.00
-510.88 -9.25 1.00
-255.81 -142.89 1.00
-153.72 787.76 1.00
280.82 -162.65 1.00
314.94 736.72 1.00
-297.46 783.59 1.00
-453.34 603.54 1.00
-415.80 914.95 1.00
883.50 -774.43 1.00
703.63 -898.42 1.00
-831.47 -546.76 1.00
-582.89 28.25 1.00
-849.66 176.86 1.00
62.28 -628.60 1.00
729.56 457.78 1.00
-588.92 -976.93 1.00
-939.84 582.13 1.00
-806.62 181.73 1.00
960.63 -484.45 1.00
234.26 -839.49 1.00
493.12 190.93 1.00
-1.58 15.82 1.00
-995.71 -443.33 1.00
148.11 676.70 1.00
901.10 151.60 1.00
100
696.94 121.77 1.00
-209.08 630.46 1.00
-668.25 242.76 1.00
371.94 928.59 1.00
-699.88 -540.62 1.00
191.32 -339.25 1.00
13.11 205.65 1.00
-881.57 -37.25 1.00
-197.48 786.76 1.00
-918.56 551.60 1.00
-794.71 754.83 1.00
-389.07 53.01 1.00
-815.29 410.89 1.00
-978.34 507.69 1.00
59.29 -103.14 1.00
-516.08 831.01 1.00
683.67 701.75 1.00
697.21 -168.66 1.00
399.98 616.82 1.00
-610.88 64.43 1.00
-444.87 118.76 1.00
289.48 -2.04 1.00
-609.01 665.49 1.00
319.73 -591.02 1.00
-49.64 612.85 1.00
-16.44 211.70 1.00
464.99 -178.71 1.00
267.48 432.47 1.00
-822.12 -941.89 1.00
-795.03 510.42 1.00
-31.98 -785.95 1.00
-597.20 -232.09 1.00
-451.72 640.49 1.00
505.88 -451.74 1.00
117.81 884.65 1.00
-403.18 244.92 1.00
-762.36 -246.37 1.00
-851.15 871.04 1.00
-376.67 -88.68 1.00
-229.37 -860.60 1.00
630.93 -973.86 1.00
598.45 -425.06 1.00
510.66 -327.45 1.00
133.73 829.58 1.00
9.63 -93.77 1.00
-717.82 435.00 1.00
-61.78 549.16 1.00
-897.21 -857.69 1.00
-916.13 -690.21 1.00
817.49 -513.45 1.00
119.43 76.45 1.00
280.33 -101.52 1.00
195.74 132.75 1.00
-898.02 -972.10 1.00
385.17 169.25 1.00
-51.97 -696.67 1.00
-228.23 184.22 1.00
-617.38 21.13 1.00
-725.82 6.01 1.00
-531.63 -440.12 1.00
533.24 298.77 1.00
794.12 987.28 1.00
667.77 -741.90 1.00
-52.81 967.01 1.00
188.97 -236.15 1.00
477.26 -462.52 1.00
827.93 127.06 1.00
-65.84 -461.53 1.00
-927.20 -293.12 1.00
145.57 -702.09 1.00
330.01 -782.20 1.00
904.97 999.85 1.00
952.72 702.51 1.00
-931.83 786.26 1.00
171.77 -695.24 1.00
-808.99 274.54 1.00
26.57 -523.98 1.00
-812.40 735.74 1.00
338.59 -560.20 1.00
-611.78 -155.56 1.00
414.17 -625.46 1.00
196.95 20.73 1.00
-380.99 -238.84 1.00
899.71 164.67 1.00
-770.51 745.52 1.00
-198.65 300.06 1.00
-356.33 273.54 1.00
856.15 -562.62 1.00
999.45 928.98 1.00
-514.28 316.71 1.00
-232.54 -41.14 1.00
-488.87 -652.88 1.00
-129.77 512.05 1.00
258.90 -724.46 1.00
859.07 -495.45 1.00
771.00 736.17 1.00
-642.78 -587.97 1.00
-742.32 571.89 1.00
342.26 782.30 1.00
856.78 880.66 1.00
100
-16.64 -163.74 1.00
59.65 498.59 1.00
190.78 -385.78 1.00
-731.67 476.47 1.00
-603.73 864.90 1.00
567.15 272.75 1.00
-311.10 82.28 1.00
-48.58 611.68 1.00
-633.48 651.33 1.00
-469.02 455.41 1.00
858.19 76.46 1.00
-422.55 240.04 1.00
728.66 -12.11 1.00
431.40 828.30 1.00
755.27 -998.92 1.00
450.33 -294.94 1.00
-808.78 722.29 1.00
466.45 -251.60 1.00
149.26 -292.25 1.00
149.11 -908.28 1.00
180.61 -128.74 1.00
936.45 -277.77 1.00
-396.61 -41.38 1.00
617.62 588.48 1.00
446.69 355.73 1.00
906.96 -505.20 1.00
-281.06 606.58 1.00
979.57 -551.21 1.00
162.43 -129.63 1.00
375.96 739.95 1.00
-526.95 482.79 1.00
813.99 166.62 1.00
-32.12 26.84 1.00
-163.79 -289.73 1.00
986.90 -746.68 1.00
803.21 360.00 1.00
386.66 690.90 1.00
270.40 918.89 1.00
-719.49 -254.80 1.00
-427.84 729.67 1.00
-80.23 840.88 1.00
582.33 3.29 1.00
471.09 -908.76 1.00
960.15 -901.65 1.00
327.40 82.36 1.00
389.32 -479.78 1.00
496.01 313.07 1.00
-787.89 -377.57 1.00
223.97 476.98 1.00
533.73 672.83 1.00
-708.28 -90.94 1.00
503.83 -437.23 1.00
-917.22 -635.54 1.00
-301.51 908.79 1.00
352.48 -471.92 1.00
-53.99 52.71 1.00
478.73 896.79 1.00
-124.50 360.30 1.00
998.21 568.48 1.00
850.71 -449.18 1.00
719.90 -92.00 1.00
491.71 -744.18 1.00
618.85 -392.14 1.00
-850.08 -549.99 1.00
-92.77 -291.56 1.00
-841.62 -484.07 1.00
-94.85 501.53 1.00
-771.83 944.62 1.00
-89.46 -146.92 1.00
450.83 592.65 1.00
54.43 384.58 1.00
-926.91 -48.47 1.00
961.94 -345.70 1.00
401.18 604.19 1.00
-260.14 -559.37 1.00
986.13 922.72 1.00
-322.53 464.47 1.00
74.80 -762.53 1.00
-701.45 -187.72 1.00
735.59 -386.87 1.00
-435.98 124.12 1.00
711.27 801.25 1.00
427.10 -858.28 1.00
621.84 -581.57 1.00
571.41 751.95 1.00
913.84 242.90 1.00
-407.69 -428.92 1.00
965.97 -439.70 1.00
249.59 816.05 1.00
241.24 -859.99 1.00
749.72 -715.91 1.00
659.13 -899.15 1.00
-623.72 728.50 1.00
503.38 -253.46 1.00
621.56 -516.55 1.00
-524.46 753.62 1.00
910.04 418.99 1.00
-829.33 -398.49 1.00
325.16 468.33 1.00
-709.99 412.52 1.00
100
211.94 -4.59 1.00
154.47 -918.98 1.00
178.38 552.76 1.00
578.74 64.82 1.00
-881.74 -612.02 1.00
469.44 -469.46 1.00
-891.92 -80.03 1.00
793.74 210.90 1.00
431.58 361.83 1.00
-565.04 880.12 1.00
-612.45 776.18 1.00
-501.24 -841.21 1.00
279.79 794.77 1.00
-362.27 -909.63 1.00
845.08 934.29 1.00
373.70 -351.46 1.00
966.46 95.18 1.00
-900.65 405.86 1.00
652.52 546.04 1.00
-822.88 410.00 1.00
-307.09 398.92 1.00
-483.83 712.84 1.00
893.06 -879.39 1.00
197.52 862.09 1.00
-852.11 -21.90 1.00
-88.08 -690.49 1.00
639.70 481.74 1.00
850.04 -179.85 1.00
-583.16 229.01 1.00
-163.91 788.15 1.00
4.94 36.96 1.00
966.99 471.80 1.00
-356.97 -859.89 1.00
-695.22 -589.31 1.00
541.39 30.99 1.00
660.55 -14.00 1.00
-478.89 -923.52 1.00
734.91 -216.99 1.00
33.53 -778.41 1.00
-137.99 -278.06 1.00
274.09 -667.50 1.00
-640.77 83.21 1.00
672.25 699.95 1.00
-273.62 -572.52 1.00
577.76 177.05 1.00
-827.19 657.46 1.00
-718.96 -675.68 1.00
63.89 72.65 1.00
-716.67 505.81 1.00
-953.19 766.44 1.00
819.03 -228.80 1.00
206.00 135.15 1.00
121.72 517.27 1.00
598.55 -320.15 1.00
405.96 894.83 1.00
-247.57 -709.78 1.00
832.28 -219.21 1.00
-930.00 -662.32 1.00
627.40 -96.99 1.00
783.73 -346.21 1.00
482.48 -13.59 1.00
943.47 -497.57 1.00
-621.27 541.55 1.00
415.58 -545.03 1.00
876.79 -300.65 1.00
-826.06 280.87 1.00
-133.64 682.00 1.00
958.05 -133.90 1.00
35.75 50.35 1.00
211.74 -779.44 1.00
966.88 -809.59 1.00
472.61 -461.64 1.00
-119.21 24.97 1.00
-517.02 -636.60 1.00
567.69 -998.25 1.00
-914.46 820.36 1.00
-121.56 980.19 1.00
82.86 -761.38 1.00
-43.63 352.67 1.00
-792.23 471.88 1.00
62.92 667.78 1.00
-642.82 -720.85 1.00
769.02 -19.78 1.00
8.48 381.74 1.00
144.08 -667.93 1.00
-737.81 601.73 1.00
-692.26 -340.49 1.00
-821.73 190.32 1.00
113.20 835.05 1.00
-894.61 -994.87 1.00
-873.09 -791.74 1.00
83.08 5.55 1.00
-970.59 -600.61 1.00
199.86 -867.87 1.00
311.61 -44.97 1.00
-335.82 -526.81 1.00
-4.23 235.95 1.00
-2.77 586.80 1.00
982.39 696.59 1.00
-190.40 -93.31 1.00
100
825.56 -161.06 1.00
-979.48 767.53 1.00
115.84 -668.70 1.00
-299.09 33.56 1.00
772.10 -686.86 1.00
-375.94 955.58 1.00
-954.64 -798.43 1.00
384.31 124.89 1.00
-597.75 -165.22 1.00
614.66 -316.76 1.00
-58.82 501.34 1.00
966.72 26.65 1.00
726.40 563.45 1.00
-589.67 823.96 1.00
-386.27 -797.62 1.00
698.45 741.91 1.00
-278.15 122.62 1.00
471.80 175.57 1.00
643.77 15.78 1.00
-552.29 -954.55 1.00
-69.68 -55.45 1.00
619.94 -718.99 1.00
-324.65 -752.22 1.00
703.88 -866.40 1.00
-185.95 -841.52 1.00
-478.52 260.73 1.00
543.28 -368.22 1.00
419.73 -215.96 1.00
-566.41 298.33 1.00
-640.21 48.38 1.00
964.93 -758.37 1.00
-209.29 -725.47 1.00
218.43 -605.67 1.00
-752.09 -391.15 1.00
-894.28 954.65 1.00
297.80 766.46 1.00
-45.15 767.02 1.00
322.25 -387.48 1.00
-988.38 -893.81 1.00
267.75 946.26 1.00
949.51 -143.08 1.00
733.23 -218.58 1.00
949.99 -131.05 1.00
694.45 339.76 1.00
-447.61 370.38 1.00
-771.12 781.43 1.00
-905.92 -368.85 1.00
-788.92 846.66 1.00
-414.22 317.14 1.00
-185.47 87.21 1.00
-775.43 -89.29 1.00
-407.92 21.71 1.00
-822.84 196.19 1.00
-509.57 779.27 1.00
168.88 -833.73 1.00
-629.93 -321.79 1.00
-127.78 787.77 1.00
-482.40 -109.83 1.00
-298.30 -831.08 1.00
894.83 -700.53 1.00
-781.73 548.86 1.00
444.03 -247.68 1.00
-911.96 3.38 1.00
128.92 -914.44 1.00
790.98 -131.88 1.00
432.68 -229.89 1.00
176.53 88.36 1.00
648.15 -601.14 1.00
727.13 -179.58 1.00
-822.15 476.14 1.00
340.84 477.84 1.00
-302.23 -249.87 1.00
696.23 858.01 1.00
470.92 434.51 1.00
25.49 658.38 1.00
27.28 -934.34 1.00
419.37 -18.83 1.00
-558.67 -544.25 1.00
-609.71 -946.60 1.00
-991.34 -845.88 1.00
-123.92 -636.55 1.00
-687.16 -640.93 1.00
-453.14 175.51 1.00
822.53 -55.91 1.00
27.40 -25.81 1.00
762.66 -556.64 1.00
730.19 935.99 1.00
607.03 321.40 1.00
311.81 602.10 1.00
-158.21 820.94 1.00
911.63 -855.70 1.00
368.99 -47.09 1.00
547.94 -465.58 1.00
-896.17 501.68 1.00
828.12 -496.28 1.00
-107.72 -935.02 1.00
499.53 -86.67 1.00
774.66 -37.63 1.00
-796.09 -826.33 1.00
559.79 -180.41 1.00
100
893.47 -34.62 1.00
-94.01 -289.85 1.00
461.73 -296.31 1.00
-428.57 793.35 1.00
-342.12 308.59 1.00
404.66 978.75 1.00
-206.48 -799.57 1.00
23.64 437.21 1.00
477.96 -61.48 1.00
-122.97 -24.01 1.00
627.61 335.92 1.00
408.06 783.98 1.00
-21.73 -470.37 1.00
791.91 -353.89 1.00
963.03 338.97 1.00
509.78 -122.42 1.00
-529.70 -35.41 1.00
-633.33 255.84 1.00
79.63 680.03 1.00
-489.18 95.99 1.00
-963.21 -755.43 1.00
38.98 -966.43 1.00
-471.48 50.43 1.00
679.50 583.85 1.00
-901.03 895.09 1.00
-124.10 -472.09 1.00
846.55 94.17 1.00
569.17 -496.47 1.00
-875.75 978.46 1.00
362.06 -442.59 1.00
-202.85 85.36 1.00
673.59 -413.16 1.00
-143.36 -759.06 1.00
-309.54 -723.09 1.00
798.14 -631.87 1.00
-204.56 -630.21 1.00
896.24 595.04 1.00
942.36 -449.14 1.00
-971.59 -415.29 1.00
-586.52 -896.76 1.00
-956.89 -307.86 1.00
930.31 -568.26 1.00
-419.68 -649.76 1.00
786.80 286.46 1.00
822.72 482.36 1.00
-532.28 -439.94 1.00
-207.81 -614.26 1.00
-138.77 11.81 1.00
633.27 -158.26 1.00
965.64 -909.94 1.00
-584.78 -731.97 1.00
-723.02 -547.36 1.00
185.15 908.53 1.00
549.91 -323.87 1.00
-301.42 202.27 1.00
-364.96 700.40 1.00
776.69 210.56 1.00
16.88 -155.50 1.00
466.53 314.55 1.00
-675.88 -876.49 1.00
-601.71 -669.78 1.00
-73.14 919.80 1.00
731.92 704.16 1.00
213.34 -781.48 1.00
240.98 260.41 1.00
-283.81 984.72 1.00
495.08 -95.64 1.00
-471.72 -411.61 1.00
-93.80 -876.89 1.00
595.01 180.00 1.00
-7.41 101.88 1.00
-413.84 692.27 1.00
815.37 337.99 1.00
958.65 -682.97 1.00
442.15 -800.90 1.00
-84.02 526.60 1.00
655.75 -500.48 1.00
-599.43 296.21 1.00
403.35 554.82 1.00
292.38 -473.39 1.00
-185.91 -434.70 1.00
621.83 227.42 1.00
397.63 -886.74 1.00
-216.03 -129.15 1.00
845.05 199.22 1.00
715.52 803.80 1.00
899.12 919.21 1.00
-102.45 -750.44 1.00
640.31 -81.28 1.00
-59.29 631.64 1.00
132.64 -977.40 1.00
-347.27 860.35 1.00
-247.16 -117.21 1.00
43.20 -834.27 1.00
-853.00 -593.12 1.00
-970.72 279.84 1.00
509.13 -506.16 1.00
680.71 785.43 1.00
-154.52 72.11 1.00
848.95 637.17 1.00
100
-503.84 -84.73 1.00
362.37 107.36 1.00
412.98 -778.83 1.00
-408.31 461.78 1.00
398.25 778.66 1.00
-307.96 -732.23 1.00
692.54 -617.19 1.00
-21.76 425.67 1.00
256.06 557.40 1.00
-192.05 -185.22 1.00
445.56 -11.26 1.00
297.01 127.00 1.00
359.08 -909.53 1.00
-554.44 224.08 1.00
-229.48 -270.20 1.00
-831.31 459.87 1.00
350.01 137.06 1.00
491.88 -954.11 1.00
-15.52 -346.78 1.00
-169.89 -549.32 1.00
623.79 -418.83 1.00
87.46 480.20 1.00
684.81 -832.48 1.00
439.81 756.06 1.00
537.06 503.73 1.00
-964.25 -130.45 1.00
-40.68 -169.11 1.00
673.79 -773.75 1.00
-100.06 712.66 1.00
586.87 -407.57 1.00
-728.15 239.67 1.00
528.70 -297.33 1.00
470.15 817.07 1.00
-756.40 901.75 1.00
943.64 -141.40 1.00
-279.07 24.64 1.00
278.58 -119.07 1.00
-390.33 -263.47 1.00
-668.19 -974.22 1.00
363.15 -208.12 1.00
353.96 386.37 1.00
-757.84 352.93 1.00
-493.96 386.35 1.00
45.24 -148.52 1.00
-824.36 -600.26 1.00
-11.53 984.54 1.00
-601.54 -967.08 1.00
832.91 953.11 1.00
-359.27 407.88 1.00
697.45 869.19 1.00
-882.36 348.73 1.00
-941.10 -814.90 1.00
-969.84 351.07 1.00
988.15 832.71 1.00
441.01 -598.78 1.00
-919.70 538.58 1.00
473.30 493.62 1.00
293.07 578.68 1.00
-975.84 -805.10 1.00
784.79 922.57 1.00
284.12 -751.44 1.00
910.78 66.56 1.00
-645.34 -652.62 1.00
194.82 485.99 1.00
-878.29 -46.82 1.00
-993.67 -626.99 1.00
-981.57 822.55 1.00
95.89 -137.85 1.00
836.42 -722.32 1.00
30.62 -90.63 1.00
400.31 52.30 1.00
634.19 398.98 1.00
-109.17 -961.33 1.00
-96.76 375.47 1.00
-188.62 162.75 1.00
615.84 591.39 1.00
415.61 485.58 1.00
356.61 -190.56 1.00
-806.25 363.22 1.00
-881.15 876.97 1.00
318.85 -422.76 1.00
-622.76 127.26 1.00
-604.62 807.82 1.00
139.84 748.66 1.00
-398.16 -783.68 1.00
-42.65 143.86 1.00
-545.53 694.12 1.00
-128.68 532.73 1.00
-784.84 -81.21 1.00
-313.02 -921.46 1.00
-940.88 800.79 1.00
-786.96 -307.64 1.00
523.90 -549.67 1.00
-84.41 505.62 1.00
793.47 -596.46 1.00
272.08 -519.72 1.00
-908.71 -727.33 1.00
-288.44 120.67 1.00
-426.38 118.80 1.00
100.18 760.62 1.00
100
131.71 518.57 1.00
-142.99 -946.70 1.00
937.80 -202.16 1.00
-98.01 227.84 1.00
-88.97 119.71 1.00
-210.36 313.39 1.00
-236.29 434.78 1.00
245.71 -654.65 1.00
574.26 -794.04 1.00
-340.97 97.71 1.00
12.80 975.71 1.00
142.41 -896.39 1.00
-401.93 268.36 1.00
819.44 -141.14 1.00
428.56 644.46 1.00
-927.02 -387.19 1.00
-969.52 146.63 1.00
580.39 711.09 1.00
792.99 -366.37 1.00
-779.63 530.62 1.00
551.34 335.73 1.00
447.61 390.43 1.00
-634.35 175.35 1.00
-704.44 266.50 1.00
382.36 -590.10 1.00
-810.54 -92.30 1.00
-585.94 743.33 1.00
283.97 893.81 1.00
276.12 -218.39 1.00
-379.20 707.47 1.00
-656.29 -282.87 1.00
-857.55 -715.50 1.00
20.54 67.41 1.00
81.42 -225.42 1.00
-190.45 -107.41 1.00
-146.90 -218.92 1.00
48.43 781.11 1.00
526.15 -297.50 1.00
-227.66 -506.17 1.00
505.10 -517.82 1.00
-214.25 -319.31 1.00
841.65 977.34 1.00
-281.54 -860.54 1.00
310.13 226.08 1.00
947.10 615.87 1.00
655.32 181.20 1.00
580.40 -751.13 1.00
-962.23 701.66 1.00
-75.03 754.31 1.00
452.80 975.39 1.00
114.77 120.85 1.00
499.58 -701.58 1.00
-251.65 962.59 1.00
-5.22 -997.95 1.00
736.29 -662.41 1.00
-838.54 352.12 1.00
742.85 26.60 1.00
392.09 649.09 1.00
32.25 695.61 1.00
541.10 -851.22 1.00
906.66 79.50 1.00
498.54 -130.27 1.00
-518.80 -556.26 1.00
-777.09 -702.59 1.00
608.83 509.34 1.00
347.60 49.64 1.00
-764.49 286.10 1.00
759.88 556.18 1.00
498.61 447.60 1.00
-492.88 994.75 1.00
-232.82 473.72 1.00
89.17 -863.67 1.00
416.08 229.40 1.00
-293.03 320.54 1.00
749.54 -459.23 1.00
447.50 245.73 1.00
20.41 -427.04 1.00
790.89 569.93 1.00
910.89 -973.52 1.00
-643.28 653.02 1.00
-735.27 447.42 1.00
-666.85 700.25 1.00
72.48 -742.13 1.00
135.50 788.96 1.00
-178.78 921.69 1.00
-170.16 -381.86 1.00
-528.11 334.17 1.00
476.09 711.59 1.00
718.72 -869.44 1.00
-581.33 690.19 1.00
652.84 -173.83 1.00
-786.10 -103.33 1.00
-542.73 444.58 1.00
-757.41 198.16 1.00
734.42 34.10 1.00
-983.42 -459.28 1.00
-681.30 336.16 1.00
-720.20 -526.16 1.00
-856.88 -14.25 1.00
42.90 -828.71 1.00
100
200.75 -993.80 1.00
-233.29 546.05 1.00
-548.37 154.98 1.00
-689.40 -462.34 1.00
381.96 934.16 1.00
55.12 -15.21 1.00
967.14 -902.76 1.00
-658.74 120.09 1.00
-195.51 -280.45 1.00
-86.96 483.66 1.00
92.36 219.31 1.00
-458.46 -764.68 1.00
313.68 486.48 1.00
-787.85 -992.97 1.00
267.93 -602.34 1.00
795.24 -260.73 1.00
-841.49 -205.68 1.00
-770.90 108.25 1.00
878.95 567.64 1.00
547.50 719.93 1.00
770.35 -476.79 1.00
617.29 -832.22 1.00
-301.62 79.76 1.00
237.28 536.99 1.00
-628.86 -975.26 1.00
629.46 859.90 1.00
499.55 57.39 1.00
697.84 898.52 1.00
-814.99 -382.47 1.00
296.40 -451.77 1.00
13.18 -594.09 1.00
325.62 607.06 1.00
92.85 510.78 1.00
-889.69 -271.43 1.00
357.25 96.94 1.00
-126.86 343.23 1.00
245.05 546.10 1.00
925.53 -892.68 1.00
279.15 751.70 1.00
305.01 -237.30 1.00
-900.80 587.62 1.00
-522.75 342.57 1.00
321.86 906.41 1.00
-380.45 194.70 1.00
-938.87 790.85 1.00
-267.25 -538.66 1.00
-659.46 838.53 1.00
385.41 897.54 1.00
965.71 104.58 1.00
183.24 596.18 1.00
375.60 -989.06 1.00
587.34 -647.07 1.00
14.77 -541.98 1.00
-29.92 -583.05 1.00
878.57 -391.28 1.00
-226.91 852.71 1.00
363.00 -691.03 1.00
-45.32 -982.55 1.00
-286.06 -488.58 1.00
-328.40 168.76 1.00
679.41 -40.14 1.00
-537.19 -994.19 1.00
659.74 -861.80 1.00
-328.21 253.20 1.00
877.86 277.37 1.00
670.80 524.34 1.00
-255.94 727.47 1.00
448.09 -958.42 1.00
826.01 -635.89 1.00
-338.96 -901.31 1.00
356.73 -368.88 1.00
-383.39 -207.49 1.00
801.20 950.26 1.00
717.97 326.70 1.00
873.44 -849.52 1.00
142.87 383.16 1.00
-35.32 625.84 1.00
-584.94 -144.91 1.00
-902.58 -618.78 1.00
162.89 661.54 1.00
38.68 -137.81 1.00
344.08 604.65 1.00
-47.69 -507.92 1.00
553.85 -396.58 1.00
449.73 895.70 1.00
13.82 -134.57 1.00
863.26 906.93 1.00
-774.97 -564.13 1.00
144.55 910.63 1.00
782.98 -175.00 1.00
902.76 675.93 1.00
977.34 -451.05 1.00
110.16 -440.76 1.00
-43.74 281.89 1.00
714.87 -647.93 1.00
152.40 -72.86 1.00
-789.41 322.32 1.00
-375.21 378.76 1.00
824.77 701.39 1.00
-96.33 898.37 1.00
